0 0.672500 0.882479 0.591667 0.185897
0 0.634167 0.719017 0.188333 0.149573
0 0.090000 0.312500 0.130000 0.387821
0 0.090000 0.671474 0.130000 0.334402
0 0.644167 0.401175 0.178333 0.172009
0 0.091667 0.903312 0.126667 0.137821
0 0.842500 0.422009 0.241667 0.130342
0 0.844167 0.198718 0.241667 0.322650
0 0.443333 0.216880 0.573333 0.205128
0 0.355833 0.402244 0.415000 0.178419
0 0.730833 0.567308 0.468333 0.164530
0 0.437500 0.722756 0.231667 0.150641
0 0.268333 0.883547 0.226667 0.183761
0 0.842500 0.721154 0.241667 0.151709
0 0.411667 0.568376 0.186667 0.168803
0 0.238333 0.642094 0.180000 0.305556
